# k [h/Mpc]   P(k) [(Mpc/h)^3]   P(k) error [(Mpc/h)^3]
1.000000000000000021e-02 4.806779679828120425e+04 3.156421996608980044e+04
1.035321843295662105e-02 4.822063490013984847e+04 3.031707953268166602e+04
1.071891319205127598e-02 4.837187110619889427e+04 2.886854785212556817e+04
1.109752496412072173e-02 4.852001029719509825e+04 2.748721856162326367e+04
1.148951000187309161e-02 4.866334242466841533e+04 2.616917629865834169e+04
1.189534067370319470e-02 4.879992897131467180e+04 2.491070237079037543e+04
1.231550603292825598e-02 4.892759153039795638e+04 2.370827018666978984e+04
1.275051240713012853e-02 4.904390341225294105e+04 2.255854181939757837e+04
1.320088400831418048e-02 4.914618534572479984e+04 2.145836569148755007e+04
1.366716356462006551e-02 4.923150650566814147e+04 2.040477535315493151e+04
1.414991297434575919e-02 4.929669225580239436e+04 1.939498930221832052e+04
1.464971398307285573e-02 4.933834013727826095e+04 1.842641176369987079e+04
1.516716888470922599e-02 4.935284574105648062e+04 1.749663430946192238e+04
1.570290124729377401e-02 4.933644015561907145e+04 1.660343815231592453e+04
1.625755666443794156e-02 4.928524065425199660e+04 1.574479689464818875e+04
1.683180353330956600e-02 4.919531614618052117e+04 1.491887944886543119e+04
1.742633386009649968e-02 4.906276862585364142e+04 1.412405277665303220e+04
1.804186409392071616e-02 4.888383137290880404e+04 1.335888401786267605e+04
1.867913599020782842e-02 4.865498393771023984e+04 1.262214150070267351e+04
1.933891750455231026e-02 4.837308295096739312e+04 1.191279404720027014e+04
2.002200371815584384e-02 4.803550648466292478e+04 1.123000791790961375e+04
2.072921779595371036e-02 4.764030804390006961e+04 1.057314068594928540e+04
2.146141197858403640e-02 4.718637428934537456e+04 9.941731303441074488e+03
2.221946860939523830e-02 4.667357832106974820e+04 9.335485636484105271e+03
2.300430119772918156e-02 4.610291789623666409e+04 8.754256813329011493e+03
2.381685551976158235e-02 4.547662547963308316e+04 8.198019871421283824e+03
2.465811075822602755e-02 4.479823480586460937e+04 7.666840419861458940e+03
2.552908068239516728e-02 4.407258704363762081e+04 7.160837370466211723e+03
2.643081486974105734e-02 4.330575919258154318e+04 6.680140244518231157e+03
2.736439997074670630e-02 4.250489861899951939e+04 6.224842136694313922e+03
2.833096101839324005e-02 4.167795133465501567e+04 5.794950102565529050e+03
2.933166278390043902e-02 4.083327843731953180e+04 5.390335502387831184e+03
3.036771118035457365e-02 3.997916564930270397e+04 5.010687627231508486e+03
3.144035471591499764e-02 3.912324540926280315e+04 4.655474668349907006e+03
3.255088599835058438e-02 3.827186926250490069e+04 4.323916646775132904e+03
3.370064329271928172e-02 3.742948929823997605e+04 4.014975142811789738e+03
3.489101213406773511e-02 3.659812889353281207e+04 3.727364372793597795e+03
3.612342699709430310e-02 3.577704140903798543e+04 3.459587162312152486e+03
3.739937302478797687e-02 3.496266554644318239e+04 3.209997492115417572e+03
3.872038781812554842e-02 3.414898123883856897e+04 2.976888444612341573e+03
4.008806328898464888e-02 3.332834290701354621e+04 2.758600585711335498e+03
4.150404757850476717e-02 3.249281105573603418e+04 2.553641311958658207e+03
4.297004704320839252e-02 3.163591481482196468e+04 2.360800983875212751e+03
4.448782831127585241e-02 3.075465951101450264e+04 2.179247582008906647e+03
4.605922041145105866e-02 2.985145675100106382e+04 2.008579306929188306e+03
4.768611697714469216e-02 2.893552491673615077e+04 1.848815358213808395e+03
4.937047852839003548e-02 2.802322513590739618e+04 1.700310412928670758e+03
5.111433483440165626e-02 2.713681359155601967e+04 1.563589014338614788e+03
5.291978735958442065e-02 2.630126064078151103e+04 1.439112162233370782e+03
5.478901179593942405e-02 2.553915155948867323e+04 1.327008300980545073e+03
5.672426068491977919e-02 2.486424333811752876e+04 1.226821017477225723e+03
5.872786613189483196e-02 2.427493601154470161e+04 1.137340327492257302e+03
6.080224261649420925e-02 2.374955797827803690e+04 1.056586183258371420e+03
6.294988990221887792e-02 2.324569603137894956e+04 9.819947355193813792e+02
6.517339604882423088e-02 2.270549982928680765e+04 9.108159991096335943e+02
6.747544053110693385e-02 2.206768660018534501e+04 8.406687389597173024e+02
6.985879746785249311e-02 2.128481891160815940e+04 7.701274639085339686e+02
7.232633896483534053e-02 2.034170275318536005e+04 6.991610906523401354e+02
7.488103857590022727e-02 1.926838035913506246e+04 6.292336665471362949e+02
7.752597488629460465e-02 1.814055383417737539e+04 5.629413250611034982e+02
8.026433522257174491e-02 1.706275210093305213e+04 5.032031033362852099e+02
8.309941949353395751e-02 1.613567323157336614e+04 4.522162000134148343e+02
8.603464416684500349e-02 1.541757464144993719e+04 4.105549024453388824e+02
8.907354638610440190e-02 1.489664652763322556e+04 3.768355893838824500e+02
9.221978823334327224e-02 1.449173191246869828e+04 3.482059044064089335e+02
9.547716114208056049e-02 1.408848771281117115e+04 3.215485493320297223e+02
9.884959046625586832e-02 1.359836410650650578e+04 2.948610590971729835e+02
1.023411402105453283e-01 1.300814427606981735e+04 2.680428662681140963e+02
1.059560179277615893e-01 1.238389509717516194e+04 2.425379645974390144e+02
1.096985797892383457e-01 1.181686903835302837e+04 2.199670864915869117e+02
1.135733358343105209e-01 1.134368190764893370e+04 2.006748618776402395e+02
1.175849554052156298e-01 1.090720043170023564e+04 1.833728330999831257e+02
1.217382727739661358e-01 1.040704746052573319e+04 1.663239055280156435e+02
1.260382929679727537e-01 9.810292182573315586e+03 1.491128727274428911e+02
1.304901978014402220e-01 9.211758852517306877e+03 1.331953279534059789e+02
1.350993521198026459e-01 8.749747989783067169e+03 1.203175560119032212e+02
1.398713102647237971e-01 8.432615899922502649e+03 1.102254003452049602e+02
1.448118227674533853e-01 8.083540511466595490e+03 1.004663180454991931e+02
1.499268432786045602e-01 7.539628120164726170e+03 8.920613600831325130e+01
1.552225357427047259e-01 6.919839615127129946e+03 7.801382483511821420e+01
1.607052818261638372e-01 6.573991277086352056e+03 7.052455241918343631e+01
1.663816886076128210e-01 6.656513245901064693e+03 6.774621726075034189e+01
1.722585965398786556e-01 6.860214900688206399e+03 6.618316037481571357e+01
1.783430876931909326e-01 6.768129664637058340e+03 6.202104864044603971e+01
1.846424942895543431e-01 6.357627800599565489e+03 5.547109236140180144e+01
1.911644075385701691e-01 5.848140120387678508e+03 4.864712223588743711e+01
1.979166867853556222e-01 5.232232439128281840e+03 4.157778986196577620e+01
2.049074689815847117e-01 4.492131541919658048e+03 3.421985569916289904e+01
2.121451784910629856e-01 3.983831519134950668e+03 2.906193870469786589e+01
2.196385372416545800e-01 3.840906562612397011e+03 2.667413157425955461e+01
2.273965752357927639e-01 3.638388498708006864e+03 2.409232112912494372e+01
2.354286414322416532e-01 3.441665204796693160e+03 2.173719701405584814e+01
2.437444150122220488e-01 3.742279871145169636e+03 2.227751009392963510e+01
2.523539170434765944e-01 4.102448518392986443e+03 2.301605055953321255e+01
2.612675225563327874e-01 4.072231243640121647e+03 2.169947014200349855e+01
2.704959730463134537e-01 4.024550022309468659e+03 2.037558535543464444e+01
2.800503894183630771e-01 3.829820127202744516e+03 1.847752706804979894e+01
2.899422853882876461e-01 3.507963425991334134e+03 1.618401311606543302e+01
3.001835813575589040e-01 2.991751844628573963e+03 1.329835957040617700e+01
3.107866187782012402e-01 1.904570908978965008e+03 8.496180508052598057e+00
3.217641750250735400e-01 1.351981927138440824e+03 6.073657797228756650e+00
3.331294787934673263e-01 1.228526351380446386e+03 5.343159214858461681e+00
3.448962260405757929e-01 1.366085353704207591e+03 5.518784358401660484e+00
3.570785964900462517e-01 1.720401411974633220e+03 6.331029257211947758e+00
3.696912707195026404e-01 2.069975805545378989e+03 7.032772073174257343e+00
3.827494478516311194e-01 2.183656407755445343e+03 6.991740237235199551e+00
3.962688638701478139e-01 2.375078979932805396e+03 7.141764964828025697e+00
4.102658105827192703e-01 2.680905511511328768e+03 7.544932711485917487e+00
4.247571552536898443e-01 2.426008022886531762e+03 6.556469923881564021e+00
4.397603609302718763e-01 1.844652123700391940e+03 4.912545133857687318e+00
4.552935074866947818e-01 1.212494641243025626e+03 3.309784173822508002e+00
4.713753134116723809e-01 2.673664826987632068e+02 1.220908019018555501e+00
4.880251583654431347e-01 -2.034607550803674201e+02 2.505704449956960844e-01
5.052631065335679850e-01 -9.950222594036303292e+01 4.282541725443497205e-01
5.231099308056260666e-01 6.186470589356111986e+02 1.655061951453243418e+00
5.415871378079470944e-01 7.955515761956855840e+02 1.863042892019812768e+00
5.607169938205458504e-01 9.421519828207598266e+02 1.998184491077049429e+00
5.805225516094898452e-01 1.070289455269585233e+03 2.087360524343827795e+00
6.010276782070381740e-01 1.371851956969768253e+03 2.407163378195485315e+00
6.222570836730227928e-01 1.428638726067218613e+03 2.361130231898003196e+00
6.442363508721370424e-01 1.327124459863406628e+03 2.112203219151624456e+00
6.669919663030121626e-01 6.597496451691411039e+02 1.199168832124757555e+00
6.905513520162327445e-01 9.796398576268575198e+01 4.943772612813532308e-01
7.149428986597576863e-01 -6.473741342594223624e+02 -3.417076798752522460e-01
7.401959996915641327e-01 -9.658994603835897124e+02 -6.533735216162526172e-01
7.663410868007454191e-01 -2.548003584769636234e+02 7.700068376146741722e-02
7.934096665797492065e-01 4.049454708027292327e+02 6.871473365384319631e-01
8.214343584919425734e-01 2.718460058616218475e+02 5.346880708140538951e-01
8.504489341802676794e-01 1.177683255999881311e+02 3.783360810598216384e-01
8.804883581643460078e-01 4.510874525688251993e+02 6.245099536010338959e-01
9.115888299750818380e-01 7.374793489029374314e+02 8.092649147877080118e-01
9.437878277775381131e-01 9.154699519131171428e+02 8.958971877120504024e-01
9.771241535346496532e-01 5.106263328104317338e+02 5.747417778963404000e-01
1.011637979766206952e+00 5.297908366893242516e+01 2.497334274900974982e-01
1.047370897959449820e+00 -2.531942203550142381e+02 4.917784297252105613e-02
1.084365968689609661e+00 -1.080149542396391325e+03 -4.350364184784323851e-01
1.122667773510813483e+00 -7.364533201914200617e+02 -2.229118444079012662e-01
1.162322468679851895e+00 6.195283771460855604e+01 2.074900951056399823e-01
1.203377840777589247e+00 3.477791781897169017e+02 3.393841387081840133e-01
1.245883364295008233e+00 -1.456683725955101352e+02 8.876521522468167058e-02
1.289890261253308079e+00 1.465797954357923629e+02 2.154810999077567402e-01
1.335451562929898861e+00 2.085149166280974669e+02 2.309463817516557715e-01
1.382622173764654905e+00 5.563395587253673966e+02 3.599571297606015130e-01
1.431458937523478525e+00 5.037909824323350563e+02 3.215120938574780873e-01
1.482020705798858584e+00 7.297355078459101207e+01 1.481318586937851456e-01
1.534368408930011585e+00 5.562341774985412712e+01 1.346116166580824947e-01
1.588565129428052725e+00 -5.397129380387292485e+02 -6.780081855842830241e-02
1.644676177994662813e+00 -8.156056226252594570e+02 -1.503998503729927494e-01
1.702769172225899519e+00 -1.553944443269623150e+02 5.267601405105242635e-02
1.762914118095948002e+00 2.036278029894677672e+02 1.508939470074194822e-01
1.825183494319042365e+00 1.172361665208735246e+02 1.201925888090319694e-01
1.889652339691209715e+00 -7.125768185763514850e+01 6.636353448769202745e-02
1.956398343517062877e+00 2.190584550578510061e+02 1.327813203347924242e-01
2.025501939230666348e+00 1.073672554442890856e+02 1.005588583858098850e-01
2.097046401323232612e+00 3.737662867505177928e+02 1.531596065910821591e-01
2.171117945694502893e+00 2.557775052472820789e+02 1.211288477457380247e-01
2.247805833548725207e+00 -9.532774159864179353e+01 4.645416606587247921e-02
2.327202478960407106e+00 1.327386183815616505e+02 8.635299602749978154e-02
2.409403560239524289e+00 -5.848032592750113281e+02 -4.422801322887346537e-02
2.494508135230316448e+00 -4.073988013765044229e+02 -1.236556837556821060e-02
2.582618760682674708e+00 1.265412889239788683e+02 7.288273982725305966e-02
2.673841615839946506e+00 2.846455315349998045e+02 9.297063628294238713e-02
2.768286630392063685e+00 -2.843073100140698557e+02 7.001414393975425275e-03
2.866067616948250407e+00 6.530248048852172360e+01 5.404087395243948461e-02
2.967302408188869478e+00 6.790149845520033978e+01 5.163350568404715540e-02
3.072112998861756150e+00 3.618491395059274964e+02 8.492171059293651680e-02
3.180625692794118997e+00 2.217927041265260755e+02 6.437221485245320229e-02
3.292971255097147942e+00 -3.869380298200056956e+01 3.243282678189494950e-02
3.409285069746811114e+00 2.651907134402733490e+01 3.760149676760306259e-02
3.529707302730650031e+00 -2.766445104858856325e+02 5.622961335427883491e-03
3.654383070957254454e+00 -3.626877842947228601e+02 -2.763939642214960444e-03
3.783462617131928774e+00 -1.134478595140069075e+02 1.965341692972702795e-02
3.917101490809256514e+00 -1.841404324270652992e+01 2.671946303379849064e-02
4.055460735840827446e+00 7.333145859761178542e+01 3.275306679459277781e-02
4.198707084443910276e+00 -4.136800948116574972e+01 2.232202580784924117e-02
4.347013158125021981e+00 1.826989513943869099e+02 3.745123466611809809e-02
4.500557675700497917e+00 -5.464954609932991758e+01 1.919941096823424981e-02
4.659525668664677767e+00 6.662533699738104076e+01 2.615641694625243235e-02
4.824108704165368522e+00 1.087163100326163345e+02 2.744233836679593752e-02
4.994505115855139898e+00 -5.279968441201194196e+01 1.653186939923233234e-02
5.170920242896755781e+00 1.256549394176657444e+02 2.567589134103730186e-02
5.353566677410724672e+00 -1.846589180681428104e+02 7.894908727358759121e-03
5.542664520663101335e+00 -1.243745383277527026e+02 1.053315473801795001e-02
5.738441648302393006e+00 1.513579042115421203e+02 2.319262533260440032e-02
5.941133984965033754e+00 1.424349302040381531e+02 2.161061603831206795e-02
6.150985788580498159e+00 -1.317029846973719600e+02 8.693897471140394836e-03
6.368249944718586519e+00 -2.601807560747344539e-01 1.363280351762170481e-02
6.593188271333541906e+00 -3.384970936208132741e+01 1.163604955760411640e-02
6.826071834272386063e+00 1.297669986703636766e+02 1.708026126381117019e-02
7.067181273927491070e+00 6.812877191878621375e+01 1.405564919899197386e-02
7.316807143427192628e+00 -5.897386147783394961e+01 9.118286728167971852e-03
7.575250258771912826e+00 -4.253631126964566533e+01 9.174241663488590104e-03
7.842822061337681561e+00 -9.527199211172897719e+01 7.129450070529938510e-03
8.119844993184008430e+00 -1.690675314267978138e+02 4.669831911820786566e-03
8.406652885618324689e+00 -2.555531866402083452e+01 8.305745490361227112e-03
8.703591361485157663e+00 -4.382901389779129886e+01 7.416226884046692343e-03
9.011018251665019463e+00 3.627889122897983754e+01 8.987961866739863082e-03
9.329304026284686913e+00 -2.735463456166790408e+01 7.063062065753042060e-03
9.658832241158698650e+00 6.499119959521955536e+01 8.728222714287929909e-03
1.000000000000000000e+01 -9.495105391822065144e+01 5.002086707727600688e-03
