# k [h/Mpc]   P(k) [(Mpc/h)^3]   P(k) error [(Mpc/h)^3]
1.000000000000000021e-02 4.626827315751184506e+04 3.039068207809073647e+04
1.035321843295662105e-02 4.643920656721579144e+04 2.920475635054064333e+04
1.071891319205127598e-02 4.661082597216378053e+04 2.782474121366330291e+04
1.109752496412072173e-02 4.678187690484481573e+04 2.650926190821351702e+04
1.148951000187309161e-02 4.695090510907638236e+04 2.525456171881491900e+04
1.189534067370319470e-02 4.711624147095251101e+04 2.405706806605229940e+04
1.231550603292825598e-02 4.727598826635376463e+04 2.291338749753102456e+04
1.275051240713012853e-02 4.742800746148415055e+04 2.182030171558149596e+04
1.320088400831418048e-02 4.756991194482061837e+04 2.077476463857992712e+04
1.366716356462006551e-02 4.769906071739809704e+04 1.977390047991598840e+04
1.414991297434575919e-02 4.781255921731275157e+04 1.881500281091825309e+04
1.464971398307285573e-02 4.790726609476318117e+04 1.789553455080856293e+04
1.516716888470922599e-02 4.797980787358630914e+04 1.701312879731132489e+04
1.570290124729377401e-02 4.802660301789267396e+04 1.616559037532366710e+04
1.625755666443794156e-02 4.804389694748649345e+04 1.535089793768979871e+04
1.683180353330956600e-02 4.802780948800892656e+04 1.456720640160792027e+04
1.742633386009649968e-02 4.797439607129274373e+04 1.381284944700609049e+04
1.804186409392071616e-02 4.787972368440232822e+04 1.308634174054411051e+04
1.867913599020782842e-02 4.773996206585607433e+04 1.238638048284856632e+04
1.933891750455231026e-02 4.755148992826277390e+04 1.171184581046351013e+04
2.002200371815584384e-02 4.731101501592055865e+04 1.106179952256564320e+04
2.072921779595371036e-02 4.701570556191443757e+04 1.043548155219920045e+04
2.146141197858403640e-02 4.666332918847711699e+04 9.832303570978938296e+03
2.221946860939523830e-02 4.625239352258007420e+04 9.251839115191369274e+03
2.300430119772918156e-02 4.578228084380400105e+04 8.693809662093923180e+03
2.381685551976158235e-02 4.525336706830523326e+04 8.158066181438711283e+03
2.465811075822602755e-02 4.466711349793247064e+04 7.644565852745628945e+03
2.552908068239516728e-02 4.402611830896123865e+04 7.153343886511727760e+03
2.643081486974105734e-02 4.333411409402573190e+04 6.684480727037526776e+03
2.736439997074670630e-02 4.259589836416433536e+04 6.238065349285363482e+03
2.833096101839324005e-02 4.181718628895062284e+04 5.814155885465352185e+03
2.933166278390043902e-02 4.100437963560880598e+04 5.412739407493698309e+03
3.036771118035457365e-02 4.016425331738218665e+04 5.033693308144479488e+03
3.144035471591499764e-02 3.930357141587899969e+04 4.676751301616138335e+03
3.255088599835058438e-02 3.842865783871425811e+04 4.341477511350646637e+03
3.370064329271928172e-02 3.754496212009674491e+04 4.027252310595260496e+03
3.489101213406773511e-02 3.665667660081485519e+04 3.733273389796263018e+03
3.612342699709430310e-02 3.576647458083804668e+04 3.458574797764631967e+03
3.739937302478797687e-02 3.487544608588625852e+04 3.202065311173180362e+03
3.872038781812554842e-02 3.398330365521309432e+04 2.962585353583063352e+03
4.008806328898464888e-02 3.308890957003407675e+04 2.738978837260237469e+03
4.150404757850476717e-02 3.219113332669942247e+04 2.530172923389018706e+03
4.297004704320839252e-02 3.128998140987396255e+04 2.335255186896447412e+03
4.448782831127585241e-02 3.038785283201695711e+04 2.153534678243379403e+03
4.605922041145105866e-02 2.949067339206137331e+04 1.984571785689981198e+03
4.768611697714469216e-02 2.860856924888930007e+04 1.828162668074490057e+03
4.937047852839003548e-02 2.775568751755591074e+04 1.684268374582352862e+03
5.111433483440165626e-02 2.694879859961992042e+04 1.552887281409189200e+03
5.291978735958442065e-02 2.620446406824056612e+04 1.433882079697043764e+03
5.478901179593942405e-02 2.553485504205588586e+04 1.326787931181423119e+03
5.672426068491977919e-02 2.494275576241736781e+04 1.230643634767771118e+03
5.872786613189483196e-02 2.441682451128405592e+04 1.143898103274832920e+03
6.080224261649420925e-02 2.392867067525715174e+04 1.064444375965616246e+03
6.294988990221887792e-02 2.343352609777822727e+04 9.898172855286869662e+02
6.517339604882423088e-02 2.287598216486454476e+04 9.175558386541863456e+02
6.747544053110693385e-02 2.220121866692037656e+04 8.456799498102043344e+02
6.985879746785249311e-02 2.137033984217767647e+04 7.731740710664612379e+02
7.232633896483534053e-02 2.037617648086060581e+04 7.003268776884262934e+02
7.488103857590022727e-02 1.925397693416174661e+04 6.287713028962338058e+02
7.752597488629460465e-02 1.808093100262300140e+04 5.611244818870181916e+02
8.026433522257174491e-02 1.696058341682667015e+04 5.002477488629824620e+02
8.309941949353395751e-02 1.599333854054572112e+04 4.483078857594293822e+02
8.603464416684500349e-02 1.524136762941625602e+04 4.059619829291121960e+02
8.907354638610440190e-02 1.470229147208335235e+04 3.720266597216980244e+02
9.221978823334327224e-02 1.430670700917185786e+04 3.438601047271509970e+02
9.547716114208056049e-02 1.394654072342049949e+04 3.183837029250066735e+02
9.884959046625586832e-02 1.352515436942824454e+04 2.933115924435697366e+02
1.023411402105453283e-01 1.300358676746133642e+04 2.679513016224111652e+02
1.059560179277615893e-01 1.241284732523890852e+04 2.430901300715053708e+02
1.096985797892383457e-01 1.181957163713495538e+04 2.200160143005097950e+02
1.135733358343105209e-01 1.126708139104091606e+04 1.993584468715074820e+02
1.175849554052156298e-01 1.074142490186657415e+04 1.806684483083274131e+02
1.217382727739661358e-01 1.020023803401874829e+04 1.631212861631307476e+02
1.260382929679727537e-01 9.643792770273843416e+03 1.466653054708961577e+02
1.304901978014402220e-01 9.147306640947688720e+03 1.322959407824718596e+02
1.350993521198026459e-01 8.788881342378925183e+03 1.208359295874984127e+02
1.398713102647237971e-01 8.524030834667684758e+03 1.113748762903304055e+02
1.448118227674533853e-01 8.170029484047244296e+03 1.014986762329851757e+02
1.499268432786045602e-01 7.594576882940463292e+03 8.982874375694930791e+01
1.552225357427047259e-01 6.939411356630382215e+03 7.822433496967623512e+01
1.607052818261638372e-01 6.554715879060797306e+03 7.032774846177231609e+01
1.663816886076128210e-01 6.607389670531185402e+03 6.727010718137901790e+01
1.722585965398786556e-01 6.825445619824514324e+03 6.586327082703516567e+01
1.783430876931909326e-01 6.786270456202586502e+03 6.217948232043330137e+01
1.846424942895543431e-01 6.387013670433844709e+03 5.571471450582446749e+01
1.911644075385701691e-01 5.803092232461227468e+03 4.829260318362046434e+01
1.979166867853556222e-01 5.125230720265132732e+03 4.077842908470675098e+01
2.049074689815847117e-01 4.442904510486197069e+03 3.387076147597412046e+01
2.121451784910629856e-01 4.040083833292190320e+03 2.944061345118117856e+01
2.196385372416545800e-01 3.921307214944667976e+03 2.718790596970104900e+01
2.273965752357927639e-01 3.681495234308785257e+03 2.435380502977074002e+01
2.354286414322416532e-01 3.447734787328540278e+03 2.177214688488498595e+01
2.437444150122220488e-01 3.725391458824195979e+03 2.218519716895983862e+01
2.523539170434765944e-01 4.121307537958878129e+03 2.311390481890416382e+01
2.612675225563327874e-01 4.109233743630706158e+03 2.188172479511240454e+01
2.704959730463134537e-01 3.963454083771231126e+03 2.008992706470863610e+01
2.800503894183630771e-01 3.746722779855502267e+03 1.810871205811882234e+01
2.899422853882876461e-01 3.503336351431617004e+03 1.616451849222995563e+01
3.001835813575589040e-01 2.981947333387320214e+03 1.325914736713317765e+01
3.107866187782012402e-01 1.876904749195701243e+03 8.391146216129381941e+00
3.217641750250735400e-01 1.329007275387554728e+03 5.990860129624226538e+00
3.331294787934673263e-01 1.251452016739340252e+03 5.421588462580277934e+00
3.448962260405757929e-01 1.318590949509263282e+03 5.364548455865139509e+00
3.570785964900462517e-01 1.631555018391364683e+03 6.057143294840943604e+00
3.696912707195026404e-01 2.053595184771980712e+03 6.984837677031544345e+00
3.827494478516311194e-01 2.151072903141265215e+03 6.901229180887963111e+00
3.962688638701478139e-01 2.344983463506543103e+03 7.062406624977513481e+00
4.102658105827192703e-01 2.699514933479295451e+03 7.591513902882909726e+00
4.247571552536898443e-01 2.377020435835534499e+03 6.440070537332521994e+00
4.397603609302718763e-01 1.825855241095201791e+03 4.870147911288725595e+00
4.552935074866947818e-01 1.186329300010824909e+03 3.253761360328828456e+00
4.713753134116723809e-01 2.366624859693376948e+02 1.158502879508953587e+00
4.880251583654431347e-01 -1.717410494732220911e+02 3.117690510142330784e-01
5.052631065335679850e-01 -1.388993100207723899e+02 3.560996767990025624e-01
5.231099308056260666e-01 6.085817045498803282e+02 1.637562867221044272e+00
5.415871378079470944e-01 7.502938660985716979e+02 1.788352324014347072e+00
5.607169938205458504e-01 9.472363663310014772e+02 2.006149722936783064e+00
5.805225516094898452e-01 1.030397451316936213e+03 2.028036185238013989e+00
6.010276782070381740e-01 1.364724710058484106e+03 2.397102038908919486e+00
6.222570836730227928e-01 1.382463445886119189e+03 2.299253058863235388e+00
6.442363508721370424e-01 1.325867482936905162e+03 2.110604268114486537e+00
6.669919663030121626e-01 6.505295422239147456e+02 1.188035361588821504e+00
6.905513520162327445e-01 6.178281740397228106e+01 4.529043697720087636e-01
7.149428986597576863e-01 -6.491384503621009117e+02 -3.436274315770533327e-01
7.401959996915641327e-01 -9.747564115027656726e+02 -6.625218099865198829e-01
7.663410868007454191e-01 -2.691809295550950196e+02 6.290069827229315125e-02
7.934096665797492065e-01 4.081828027161612340e+02 6.901604583961139516e-01
8.214343584919425734e-01 2.776879345122750351e+02 5.398495318186649072e-01
8.504489341802676794e-01 1.008523822217004238e+02 3.641487873568800548e-01
8.804883581643460078e-01 4.277831742841929668e+02 6.059564501602714426e-01
9.115888299750818380e-01 7.373012226963820694e+02 8.091302962015063382e-01
9.437878277775381131e-01 9.084888292973784019e+02 8.908888984222932406e-01
9.771241535346496532e-01 5.119566265727423797e+02 5.756477162163176065e-01
1.011637979766206952e+00 5.503537691269522014e+01 2.510627276551672393e-01
1.047370897959449820e+00 -2.692885370029339356e+02 3.930146990765377712e-02
1.084365968689609661e+00 -1.077693760385600854e+03 -4.336058729204049778e-01
1.122667773510813483e+00 -7.522274827836265558e+02 -2.316344277380518457e-01
1.162322468679851895e+00 5.994840976904647789e+01 2.064379486468997382e-01
1.203377840777589247e+00 3.374611599979979815e+02 3.342428857464060932e-01
1.245883364295008233e+00 -1.392679966388308230e+02 9.179258243846444287e-02
1.289890261253308079e+00 1.508549540489269702e+02 2.174006470612198649e-01
1.335451562929898861e+00 2.185526737130944355e+02 2.352246712540156937e-01
1.382622173764654905e+00 5.409439764163741984e+02 3.537281554168798525e-01
1.431458937523478525e+00 5.012243784444099788e+02 3.205263451380588324e-01
1.482020705798858584e+00 7.064813421802676885e+01 1.472840554895881171e-01
1.534368408930011585e+00 4.282661645793414351e+01 1.301828514929056491e-01
1.588565129428052725e+00 -5.289058553952867214e+02 -6.425042388401293325e-02
1.644676177994662813e+00 -8.210220883265824341e+02 -1.520890115566582435e-01
1.702769172225899519e+00 -1.568014642217385983e+02 5.225948790456911436e-02
1.762914118095948002e+00 1.951715523408326476e+02 1.485176166718669977e-01
1.825183494319042365e+00 1.199094270196783611e+02 1.209056998829423218e-01
1.889652339691209715e+00 -7.757587964992197271e+01 6.476362265029889098e-02
1.956398343517062877e+00 2.133917372143060334e+02 1.314191815538701957e-01
2.025501939230666348e+00 1.097402488377240246e+02 1.011003269308435315e-01
2.097046401323232612e+00 3.800629070164760037e+02 1.545234708266098878e-01
2.171117945694502893e+00 2.608423525940650620e+02 1.221702462109267445e-01
2.247805833548725207e+00 -9.387815461858438937e+01 4.673709788191812015e-02
2.327202478960407106e+00 1.303665530628105671e+02 8.591350391411814447e-02
2.409403560239524289e+00 -5.894208236456811392e+02 -4.504014095073283208e-02
2.494508135230316448e+00 -4.111582629105567435e+02 -1.299322765975103287e-02
2.582618760682674708e+00 1.247144532540473705e+02 7.259321572134520839e-02
2.673841615839946506e+00 2.824483996787620868e+02 9.264009302606988905e-02
2.768286630392063685e+00 -2.794897466826748769e+02 7.689411399824027347e-03
2.866067616948250407e+00 6.514459476745295774e+01 5.401947024997390268e-02
2.967302408188869478e+00 7.231707361613452179e+01 5.220173059152625333e-02
3.072112998861756150e+00 3.604994147283200618e+02 8.475683167060701906e-02
3.180625692794118997e+00 2.170134603321805855e+02 6.381801546780606349e-02
3.292971255097147942e+00 -3.873007720842826984e+01 3.242883384957873094e-02
3.409285069746811114e+00 2.291835632939856993e+01 3.722525286253589027e-02
3.529707302730650031e+00 -2.780061801600437548e+02 5.487897392575866173e-03
3.654383070957254454e+00 -3.591244981182563265e+02 -2.428429775835697513e-03
3.783462617131928774e+00 -1.159435510553805528e+02 1.943035141503590343e-02
3.917101490809256514e+00 -1.464634640008550903e+01 2.703913489791326397e-02
4.055460735840827446e+00 7.184938366223713047e+01 3.263369944262108080e-02
4.198707084443910276e+00 -4.054992770661993262e+01 2.238457173708291101e-02
4.347013158125021981e+00 1.802315517457214753e+02 3.727216222047446265e-02
4.500557675700497917e+00 -5.327123219746524541e+01 1.929436738930122297e-02
4.659525668664677767e+00 6.754468310560517352e+01 2.621654015874521834e-02
4.824108704165368522e+00 1.073811674271529171e+02 2.735945302643446805e-02
4.994505115855139898e+00 -4.666248211125787293e+01 1.689353520047526605e-02
5.170920242896755781e+00 1.267523508836022046e+02 2.573728074732193477e-02
5.353566677410724672e+00 -1.848097920878200284e+02 7.886897015238978834e-03
5.542664520663101335e+00 -1.277689371884534495e+02 1.036205053328056319e-02
5.738441648302393006e+00 1.500524069360290298e+02 2.313015688498591682e-02
5.941133984965033754e+00 1.449664122047526575e+02 2.172560245022317135e-02
6.150985788580498159e+00 -1.333289700449563213e+02 8.623788234127681071e-03
6.368249944718586519e+00 1.616817615592370139e+00 1.370962973374219643e-02
6.593188271333541906e+00 -3.299797817530029675e+01 1.166914247322908653e-02
6.826071834272386063e+00 1.290913407449440342e+02 1.705534136396743769e-02
7.067181273927491070e+00 6.673290584473480180e+01 1.400677832523087793e-02
7.316807143427192628e+00 -5.864147757280417750e+01 9.129333446290707407e-03
7.575250258771912826e+00 -4.254604264956677184e+01 9.173934651984544386e-03
7.842822061337681561e+00 -9.500776275430250450e+01 7.137363199143234756e-03
8.119844993184008430e+00 -1.660149847505961418e+02 4.756611264037749129e-03
8.406652885618324689e+00 -2.493086820097708767e+01 8.322597007916671813e-03
8.703591361485157663e+00 -4.257098115759281143e+01 7.448453885865046961e-03
9.011018251665019463e+00 3.680667651005506258e+01 9.000796166216153832e-03
9.329304026284686913e+00 -2.772104542336730049e+01 7.054604017306734948e-03
9.658832241158698650e+00 6.541027356689188821e+01 8.737405605764948791e-03
1.000000000000000000e+01 -9.505014404221547863e+01 5.000007453374811540e-03
