# k Pk
1.000000000000000021e-02 4.880707342007531406e+04
1.009052805738436080e-02 4.897495009877994744e+04
1.018187564768610436e-02 4.914110080464553903e+04
1.027405018997752315e-02 4.930548426983120589e+04
1.036705917049433184e-02 4.946805883890316181e+04
1.046091014324368809e-02 4.962878246880022198e+04
1.055561073061771389e-02 4.978761272896909941e+04
1.065116862401255075e-02 4.994450680168522376e+04
1.074759158445306138e-02 5.009942148257471126e+04
1.084488744322316400e-02 5.025231318135592301e+04
1.094306410250187392e-02 5.040313792281818314e+04
1.104212953600508008e-02 5.055185134805842245e+04
1.114209178963318156e-02 5.069840871599603270e+04
1.124295898212455264e-02 5.084276490518840728e+04
1.134473930571493552e-02 5.098487441597124416e+04
1.144744102680277792e-02 5.112469137294787652e+04
1.155107248662062651e-02 5.126216952785469039e+04
1.165564210191259546e-02 5.139726226283045980e+04
1.176115836561795330e-02 5.152992259411836858e+04
1.186762984756087845e-02 5.166010317623316951e+04
1.197506519514651181e-02 5.178775630662446201e+04
1.208347313406328040e-02 5.191283393087193690e+04
1.219286246899157176e-02 5.203528764844745456e+04
1.230324208431882518e-02 5.215506871908263565e+04
1.241462094486111417e-02 5.227212806978074514e+04
1.252700809659126023e-02 5.238641630251499009e+04
1.264041266737352294e-02 5.249788370265590493e+04
1.275484386770492709e-02 5.260648024817326950e+04
1.287031099146334137e-02 5.271215561965915549e+04
1.298682341666231727e-02 5.281485921122142463e+04
1.310439060621273848e-02 5.291454014229798486e+04
1.322302210869137455e-02 5.301114727044461324e+04
1.334272755911640289e-02 5.310462920515081350e+04
1.346351667972995984e-02 5.319493432274000224e+04
1.358539928078775390e-02 5.328201078241204959e+04
1.370838526135582068e-02 5.336580654348836106e+04
1.383248461011451526e-02 5.344626938392024022e+04
1.395770740616978679e-02 5.352334692012490996e+04
1.408406381987177894e-02 5.359698662821260950e+04
1.421156411364082016e-02 5.366713586667152413e+04
1.434021864280093927e-02 5.373374190057811211e+04
1.447003785642091318e-02 5.379675192740002967e+04
1.460103229816291440e-02 5.385611310446285643e+04
1.473321260713882086e-02 5.391177257814930636e+04
1.486658951877432508e-02 5.396367751490232331e+04
1.500117386568085645e-02 5.401177513410302345e+04
1.513697657853537576e-02 5.405601274289446883e+04
1.527400868696811992e-02 5.409633777302218368e+04
1.541228132045842705e-02 5.413269781976152444e+04
1.555180570923866273e-02 5.416504068300133076e+04
1.569259318520630983e-02 5.419331441055214964e+04
1.583465518284429482e-02 5.421746734374477819e+04
1.597800324014970325e-02 5.423744816538367741e+04
1.612264899957087730e-02 5.425320595011670957e+04
1.626860420895298934e-02 5.426469021727976360e+04
1.641588072249215366e-02 5.427185098627005937e+04
1.656449050169821191e-02 5.427463883449964487e+04
1.671444561636625109e-02 5.427300495797394979e+04
1.686575824555687844e-02 5.426690123453494016e+04
1.701844067858533649e-02 5.425628028980342788e+04
1.717250531601966640e-02 5.424109556584619713e+04
1.732796467068785373e-02 5.422130139258811687e+04
1.748483136869408150e-02 5.419685306197852333e+04
1.764311815044419113e-02 5.416770690491426649e+04
1.780283787168043461e-02 5.413382037090957601e+04
1.796400350452562883e-02 5.409515211049390928e+04
1.812662813853669133e-02 5.405166206030526519e+04
1.829072498176774128e-02 5.400331153083559184e+04
1.845630736184284554e-02 5.395006329676964378e+04
1.862338872703847223e-02 5.389188168984591175e+04
1.879198264737574203e-02 5.382873269415135292e+04
1.896210281572250494e-02 5.376058404374685779e+04
1.913376304890548885e-02 5.368740532250250544e+04
1.930697728883249559e-02 5.360916806600412383e+04
1.948175960362470358e-02 5.352584586537498399e+04
1.965812418875923645e-02 5.343741447283526941e+04
1.983608536822212276e-02 5.334385190880429582e+04
2.001565759567167091e-02 5.324513857032830856e+04
2.019685545561234960e-02 5.314125734059687966e+04
2.037969366457928824e-02 5.303219369928844390e+04
2.056418707233356041e-02 5.291793583346475498e+04
2.075035066306825035e-02 5.279847474871228042e+04
2.093819955662544474e-02 5.267380438020559814e+04
2.112774900972419490e-02 5.254392170334683033e+04
2.131901441719966095e-02 5.240882684361493739e+04
2.151201131325348320e-02 5.226852318523450958e+04
2.170675537271541874e-02 5.212301747825637722e+04
2.190326241231637175e-02 5.197231994362130354e+04
2.210154839197306029e-02 5.181644437575962365e+04
2.230162941608423294e-02 5.165540824226231780e+04
2.250352173483864682e-02 5.148923278014346579e+04
2.270724174553482438e-02 5.131794308820002334e+04
2.291280599391285616e-02 5.114156821496182965e+04
2.312023117549822163e-02 5.096014124171580625e+04
2.332953413695774969e-02 5.077369936007967044e+04
2.354073187746785062e-02 5.058228394359679805e+04
2.375384155009517551e-02 5.038594061282027542e+04
2.396888046318977616e-02 5.018471929335656750e+04
2.418586608179083830e-02 4.997867426634272852e+04
2.440481602904513367e-02 4.976786421083977621e+04
2.462574808763834736e-02 4.955235223763541580e+04
2.484868020123939814e-02 4.933220591396593227e+04
2.507363047595775191e-02 4.910749727868547052e+04
2.530061718181393984e-02 4.887830284743550874e+04
2.552965875422343739e-02 4.864470360739471653e+04
2.576077379549398388e-02 4.840678500122081459e+04
2.599398107633639488e-02 4.816463689983373479e+04
2.622929953738906486e-02 4.791835356372837123e+04
2.646674829075629579e-02 4.766803359255101532e+04
2.670634662156059699e-02 4.741377986272145790e+04
2.694811398950893583e-02 4.715569945293528872e+04
2.719207003047320256e-02 4.689390355743744294e+04
2.743823455808502149e-02 4.662850738701673254e+04
2.768662756534500877e-02 4.635963005773374607e+04
2.793726922624651873e-02 4.608739446745959140e+04
2.819017989741412836e-02 4.581192716037040373e+04
2.844538011975698139e-02 4.553335817961027351e+04
2.870289062013711007e-02 4.525182090840705496e+04
2.896273231305280388e-02 4.496745189999473951e+04
2.922492630233720912e-02 4.468039069676843064e+04
2.948949388287237447e-02 4.439077963916638691e+04
2.975645654231881543e-02 4.409876366484462778e+04
3.002583596286065651e-02 4.380449009877540811e+04
3.029765402296659416e-02 4.350810843496584130e+04
3.057193279916685380e-02 4.320977011055402545e+04
3.084869456784623126e-02 4.290962827309828572e+04
3.112796180705330526e-02 4.260783754192593187e+04
3.140975719832603263e-02 4.230455376445754518e+04
3.169410362853392060e-02 4.199993376846167666e+04
3.198102419173689398e-02 4.169413511123198259e+04
3.227054219106093025e-02 4.138731582670396892e+04
3.256268114059061858e-02 4.107963417155085335e+04
3.285746476727902099e-02 4.077124837130722881e+04
3.315491701287470033e-02 4.046231636757468368e+04
3.345506203586624122e-02 4.015299556735633087e+04
3.375792421344427779e-02 3.984344259555253666e+04
3.406352814348143770e-02 3.953381305162752687e+04
3.437189864653011906e-02 3.922426127142032055e+04
3.468306076783838482e-02 3.891494009503370762e+04
3.499703977938401628e-02 3.860600064168064273e+04
3.531386118192710033e-02 3.829759209230745182e+04
3.563355070708117828e-02 3.798986148074327502e+04
3.595613431940311577e-02 3.768295349404685112e+04
3.628163821850179799e-02 3.737701028263599437e+04
3.661008884116610795e-02 3.707217128069124010e+04
3.694151286351207014e-02 3.676857303722606594e+04
3.727593720314940212e-02 3.646634905810967030e+04
3.761338902136766860e-02 3.616562965921765135e+04
3.795389572534232925e-02 3.586654183077112248e+04
3.829748497036071508e-02 3.556920911280612199e+04
3.864418466206807901e-02 3.527375148159566015e+04
3.899402295873404672e-02 3.498028524672446656e+04
3.934702827353957905e-02 3.468892295839598955e+04
3.970322927688468145e-02 3.439977332443005434e+04
4.006265489871692342e-02 3.411294113629269123e+04
4.042533433088103118e-02 3.382852720338464860e+04
4.079129702948982444e-02 3.354662829470620636e+04
4.116057271731663608e-02 3.326733708691163338e+04
4.153319138620929774e-02 3.299074211767107045e+04
4.190918329952595528e-02 3.271692774316927171e+04
4.228857899459306791e-02 3.244597409849179530e+04
4.267140928518562554e-02 3.217795705958221879e+04
4.305770526402972337e-02 3.191294820539729335e+04
4.344749830532784046e-02 3.165101477884380802e+04
4.384082006730700282e-02 3.139221964505191499e+04
4.423770249479005989e-02 3.113662124552419846e+04
4.463817782179014398e-02 3.088427354670173736e+04
4.504227857412858999e-02 3.063522598150498743e+04
4.545003757207669720e-02 3.038952338244263592e+04
4.586148793302132626e-02 3.014720590493396958e+04
4.627666307415461561e-02 2.990830893956153886e+04
4.669559671518801885e-02 2.967286301206144708e+04
4.711832288109096128e-02 2.944089366996828176e+04
4.754487590485438619e-02 2.921242135496218907e+04
4.797529043027910084e-02 2.898746126011516026e+04
4.840960141478949097e-02 2.876602317140554442e+04
4.884784413227269417e-02 2.854811129306107614e+04
4.929005417594355815e-02 2.833372405650312794e+04
4.973626746123539083e-02 2.812285391289903782e+04
5.018652022871687018e-02 2.791548710958377706e+04
5.064084904703553686e-02 2.771160345088633039e+04
5.109929081588780730e-02 2.751117604419278359e+04
5.156188276901591677e-02 2.731417103239195058e+04
5.202866247723185456e-02 2.712054731418461961e+04
5.249966785146888831e-02 2.693025625408918859e+04
5.297493714586064967e-02 2.674324138434682754e+04
5.345450896084801007e-02 2.655943810131487407e+04
5.393842224631408000e-02 2.637877335933706127e+04
5.442671630474769234e-02 2.620116536549089869e+04
5.491943079443554337e-02 2.602652327903499099e+04
5.541660573268307466e-02 2.585474691980726493e+04
5.591828149906458156e-02 2.568572649025622013e+04
5.642449883870279126e-02 2.551934231621905565e+04
5.693529886557818082e-02 2.535546461198455290e+04
5.745072306586808397e-02 2.519395327559252109e+04
5.797081330131610005e-02 2.503465772071609899e+04
5.849561181263205484e-02 2.487741675184485212e+04
5.902516122292277706e-02 2.472205848982130919e+04
5.955950454115378767e-02 2.456840035507876382e+04
6.009868516564238067e-02 2.441624911616837926e+04
6.064274688758236609e-02 2.426540101133998905e+04
6.119173389460079437e-02 2.411564195104255487e+04
6.174569077434671760e-02 2.396674780922221180e+04
6.230466251811245249e-02 2.381848481120567521e+04
6.286869452448773377e-02 2.367061002575184830e+04
6.343783260304700078e-02 2.352287196851952467e+04
6.401212297806983809e-02 2.337501132372028951e+04
6.459161229229520851e-02 2.322676179009169573e+04
6.517634761070972838e-02 2.307785105652088896e+04
6.576637642437026254e-02 2.292800191166560398e+04
6.636174665426097796e-02 2.277693349074548314e+04
6.696250665518534151e-02 2.262436266130807780e+04
6.756870521969346455e-02 2.247000554820421530e+04
6.818039158204500239e-02 2.231357919623970156e+04
6.879761542220777515e-02 2.215480336700560292e+04
6.942042686989269296e-02 2.199340246424043289e+04
7.004887650862513804e-02 2.182910757975545130e+04
7.068301537985341443e-02 2.166165864948295712e+04
7.132289498709414033e-02 2.149080670661172917e+04
7.196856730011520764e-02 2.131631621608910064e+04
7.262008475915671113e-02 2.113796747203422274e+04
7.327750027919011089e-02 2.095555903687238606e+04
7.394086725421585016e-02 2.076891019831538142e+04
7.461023956159978932e-02 2.057786341774248649e+04
7.528567156644912217e-02 2.038228674114173555e+04
7.596721812602788559e-02 2.018207614162272512e+04
7.665493459421224287e-02 1.997715776068227933e+04
7.734887682598620695e-02 1.976749001396436870e+04
7.804910118197806723e-02 1.955306552627832207e+04
7.875566453303804726e-02 1.933391286019314794e+04
7.946862426485712394e-02 1.911009800267398168e+04
8.018803828262767441e-02 1.888172557502212658e+04
8.091396501574657507e-02 1.864893973287000699e+04
8.164646342256072498e-02 1.841192472519336661e+04
8.238559299515553491e-02 1.817090508425215012e+04
8.313141376418657635e-02 1.792614542205196994e+04
8.388398630375530629e-02 1.767794981330707742e+04
8.464337173632882627e-02 1.742666074993554139e+04
8.540963173770407812e-02 1.717265765775858017e+04
8.618282854201690657e-02 1.691635497221597689e+04
8.696302494679672423e-02 1.665819977643543461e+04
8.775028431806683460e-02 1.639866901176776446e+04
8.854467059549087082e-02 1.613826627777299655e+04
8.934624829756569742e-02 1.587751824544569536e+04
9.015508252686163515e-02 1.561697071402749498e+04
9.097123897530998149e-02 1.535718434789234561e+04
9.179478392953833998e-02 1.509873013553128294e+04
9.262578427625420274e-02 1.484218461744300112e+04
9.346430750767741047e-02 1.458812493361258566e+04
9.431042172702186477e-02 1.433712374411137898e+04
9.516419565402661762e-02 1.408974407809546028e+04
9.602569863053707355e-02 1.384653416707146789e+04
9.689500062613692899e-02 1.360802231774337815e+04
9.777217224383098759e-02 1.337471187810360061e+04
9.865728472577933728e-02 1.314707634779353066e+04
9.955040995908344403e-02 1.292555468029183248e+04
1.004516204816246899e-01 1.271054682039668296e+04
1.013609894879559381e-01 1.250240951600478729e+04
1.022785908352460971e-01 1.230145243862904681e+04
1.032044990492786141e-01 1.210793464274362123e+04
1.041387893305043416e-01 1.192206139019700822e+04
1.050815375601493046e-01 1.174398136288063688e+04
1.060328203063775621e-01 1.157378428482973322e+04
1.069927148305097331e-01 1.141149897415930536e+04
1.079612990932982269e-01 1.125709184581513182e+04
1.089386517612590394e-01 1.111046588806416003e+04
1.099248522130609057e-01 1.097146013886477522e+04
1.109199805459720883e-01 1.083984969252034534e+04
1.119241175823658674e-01 1.071534627197855662e+04
1.129373448762849008e-01 1.059759940730826747e+04
1.139597447200647179e-01 1.048619826566686970e+04
1.149914001510172756e-01 1.038067418176394858e+04
1.160323949581751890e-01 1.028050393966565935e+04
1.170828136890970372e-01 1.018511385597535627e+04
1.181427416567339822e-01 1.009388471019601457e+04
1.192122649463586842e-01 1.000615755973361593e+04
1.202914704225570286e-01 9.921240463978034313e+03
1.213804457362832601e-01 9.838416123838065687e+03
1.224792793319786632e-01 9.756950419904887895e+03
1.235880604547547751e-01 9.676101804276133407e+03
1.247068791576417535e-01 9.595131468540557762e+03
1.258358263089024986e-01 9.513314174419527262e+03
1.269749935994126389e-01 9.429949595376830985e+03
1.281244735501073373e-01 9.344373978778436140e+03
1.292843595194958228e-01 9.255971900844795528e+03
1.304547457112439357e-01 9.164187852841874701e+03
1.316357271818249797e-01 9.068537368970559328e+03
1.328273998482398521e-01 8.968617386488765987e+03
1.340298604958075346e-01 8.864115518826103653e+03
1.352432067860257492e-01 8.754817924599925391e+03
1.364675372645028362e-01 8.640615470812346757e+03
1.377029513689612406e-01 8.521507917782055301e+03
1.389495494373137463e-01 8.397605896490207670e+03
1.402074327158129574e-01 8.269130505125534910e+03
1.414767033672741092e-01 8.136410418986067270e+03
1.427574644793724590e-01 7.999876483996027673e+03
1.440498200730158940e-01 7.860053845667479436e+03
1.453538751107935623e-01 7.717551748545101873e+03
1.466697355055005259e-01 7.573051221845166765e+03
1.479975081287396854e-01 7.427290940880743619e+03
1.493373008196017815e-01 7.281051616934839330e+03
1.506892223934239994e-01 7.135139317024009870e+03
1.520533826506277331e-01 6.990368146864640039e+03
1.534298923856360353e-01 6.847542743794406306e+03
1.548188633958723359e-01 6.707441021188476952e+03
1.562204084908406232e-01 6.570797583192295860e+03
1.576346415012873925e-01 6.438288190851565560e+03
1.590616772884466401e-01 6.310515611600968441e+03
1.605016317533687342e-01 6.187997128075451656e+03
1.619546218463339682e-01 6.071153924270753123e+03
1.634207655763507683e-01 5.960302512071403726e+03
1.649001820207400548e-01 5.855648313337163927e+03
1.663929913348065615e-01 5.757281475195742132e+03
1.678993147615978065e-01 5.665174970431990914e+03
1.694192746417511608e-01 5.579185020474332305e+03
1.709529944234297605e-01 5.499053873014753663e+03
1.725005986723490148e-01 5.424414965411162484e+03
1.740622130818936797e-01 5.354800502851560850e+03
1.756379644833264142e-01 5.289651470073135897e+03
1.772279808560883740e-01 5.228330070468253325e+03
1.788323913381938135e-01 5.170134540869485136e+03
1.804513262367184456e-01 5.114316220349939613e+03
1.820849170383826710e-01 5.060098656039714115e+03
1.837332964202304797e-01 5.006698410833569142e+03
1.853965982604053042e-01 4.953347103408566909e+03
1.870749576490236266e-01 4.899314070377262397e+03
1.887685108991464800e-01 4.843928906950976852e+03
1.904773955578503708e-01 4.786603031395757171e+03
1.922017504173988145e-01 4.726849345412083494e+03
1.939417155265149018e-01 4.664299041450338336e+03
1.956974322017555612e-01 4.598714649574242685e+03
1.974690430389889062e-01 4.529998526341301840e+03
1.992566919249757207e-01 4.458196165374292832e+03
2.010605240490559165e-01 4.383493945869749041e+03
2.028806859149402675e-01 4.306211216393980976e+03
2.047173253526089753e-01 4.226786916399050824e+03
2.065705915303183426e-01 4.145761242660818425e+03
2.084406349667161096e-01 4.063753146922988890e+03
2.103276075430661474e-01 3.981434680954869236e+03
2.122316625155836467e-01 3.899503367354947841e+03
2.141529545278825220e-01 3.818653857352911018e+03
2.160916396235355585e-01 3.739550137894753789e+03
2.180478752587476643e-01 3.662799475717064979e+03
2.200218203151439456e-01 3.588929150052733348e+03
2.220136351126740237e-01 3.518366847640097149e+03
2.240234814226330640e-01 3.451425395530368860e+03
2.260515224808004042e-01 3.388292308874603805e+03
2.280979230006968950e-01 3.329024447376438275e+03
2.301628491869629478e-01 3.273547912713223923e+03
2.322464687488574597e-01 3.221663178573145160e+03
2.343489509138787230e-01 3.173055315821535260e+03
2.364704664415084590e-01 3.127309043383037988e+03
2.386111876370807794e-01 3.083928185482131539e+03
2.407712883657767977e-01 3.042358936700416962e+03
2.429509440667452502e-01 3.002016125285304497e+03
2.451503317673512372e-01 2.962311431558017830e+03
2.473696300975541940e-01 2.922682284212070044e+03
2.496090193044161465e-01 2.882619955762054815e+03
2.518686812667406683e-01 2.841695248522796192e+03
2.541487995098446473e-01 2.799580142538247856e+03
2.564495592204639740e-01 2.756063896264183768e+03
2.587711472617943986e-01 2.711062362748468786e+03
2.611137521886677804e-01 2.664619700449746233e+03
2.634775642628660042e-01 2.616902187842635612e+03
2.658627754685740086e-01 2.568184443881182233e+03
2.682695795279724793e-01 2.518828948730458251e+03
2.706981719169712086e-01 2.469260284614403190e+03
2.731487498810854508e-01 2.419935917032770249e+03
2.756215124514555526e-01 2.371315571666579672e+03
2.781166604610125215e-01 2.323831315661056578e+03
2.806343965607887569e-01 2.277860332374233622e+03
2.831749252363769398e-01 2.233702115790706102e+03
2.857384528245380251e-01 2.191561446921441075e+03
2.883251875299597811e-01 2.151538094201007425e+03
2.909353394421668182e-01 2.113623740436587923e+03
2.935691205525828296e-01 2.077706204234229062e+03
2.962267447717488733e-01 2.043580603904736108e+03
2.989084279466967531e-01 2.010966707065063474e+03
3.016143878784796617e-01 1.979531319016890848e+03
3.043448443398609760e-01 1.948914195560994131e+03
3.071000190931642559e-01 1.918755644620448720e+03
3.098801359082846707e-01 1.888723745854151957e+03
3.126854205808626830e-01 1.858539018886199528e+03
3.155161009506225467e-01 1.827994457760235946e+03
3.183724069198772821e-01 1.796969153597797458e+03
3.212545704722012396e-01 1.765434249964203445e+03
3.241628256912709172e-01 1.733450677907064801e+03
3.270974087798766972e-01 1.701158924330176660e+03
3.300585580791066675e-01 1.668761896651204779e+03
3.330465140877051367e-01 1.636502650040758681e+03
3.360615194816045648e-01 1.604639247140802581e+03
3.391038191336353536e-01 1.573419263004065897e+03
3.421736601334138816e-01 1.543056411453907231e+03
3.452712918074112847e-01 1.513711475679843488e+03
3.483969657392028130e-01 1.485479228717894330e+03
3.515509357899005427e-01 1.458382396441452101e+03
3.547334581187718827e-01 1.432373014832978242e+03
3.579447912040447655e-01 1.407340823860499313e+03
3.611851958639001881e-01 1.383127671751110483e+03
3.644549352776552120e-01 1.359546320837914209e+03
3.677542750071380873e-01 1.336401596563335033e+03
3.710834830182571098e-01 1.313511556175501482e+03
3.744428297027637687e-01 1.290726323310344469e+03
3.778325879002133458e-01 1.267942474063445843e+03
3.812530329201245238e-01 1.245111372142747996e+03
3.847044425643399435e-01 1.222240592620637926e+03
3.881870971495884337e-01 1.199388455256092357e+03
3.917012795302512451e-01 1.176652583122518308e+03
3.952472751213354507e-01 1.154154172581374269e+03
3.988253719216550142e-01 1.132020186569766565e+03
4.024358605372214681e-01 1.110365887937965226e+03
4.060790342048454793e-01 1.089279992955542184e+03
4.097551888159536304e-01 1.068814282096421721e+03
4.134646229406206408e-01 1.048978832734282150e+03
4.172076378518179696e-01 1.029743236765263418e+03
4.209845375498824649e-01 1.011043342499803543e+03
4.247956287872068359e-01 9.927923172714394013e+02
4.286412210931542233e-01 9.748942576197848666e+02
4.325216267991967567e-01 9.572582544724276659e+02
4.364371610642823751e-01 9.398108039928331436e+02
4.403881419004318509e-01 9.225047563226684133e+02
4.443748901985672406e-01 9.053235809725613308e+02
4.483977297545739260e-01 8.882805122598666685e+02
4.524569872955980232e-01 8.714129898459759715e+02
4.565529925065830996e-01 8.547735765669132206e+02
4.606860780570468106e-01 8.384190792002631269e+02
4.648565796280994533e-01 8.223998221792933236e+02
4.690648359397066591e-01 8.067508980604619637e+02
4.733111887782002203e-01 7.914867776611009731e+02
4.775959830240374404e-01 7.765999986047189623e+02
4.819195666798116728e-01 7.620638893098315521e+02
4.862822908985155457e-01 7.478385629042122673e+02
4.906845100120614256e-01 7.338788582155598306e+02
4.951265815600602305e-01 7.201426098016029300e+02
4.996088663188595902e-01 7.065976477595309007e+02
5.041317283308447417e-01 6.932262555208740196e+02
5.086955349340058774e-01 6.800263835984471825e+02
5.133006567917731688e-01 6.670096105429787485e+02
5.179474679231209633e-01 6.541965113223239996e+02
5.226363457329440410e-01 6.416105946558377582e+02
5.273676710427105396e-01 6.292722004207078044e+02
5.321418281213915469e-01 6.171936659754485390e+02
5.369592047166710236e-01 6.053767076151679021e+02
5.418201920864363919e-01 5.938124130916811509e+02
5.467251850305570038e-01 5.824836333916575768e+02
5.516745819229490477e-01 5.713690345341991588e+02
5.566687847439306669e-01 5.604477387293577522e+02
5.617081991128690666e-01 5.497034179084287189e+02
5.667932343211246060e-01 5.391269083102242803e+02
5.719243033652935404e-01 5.287168345486021508e+02
5.771018229807501898e-01 5.184782553805569023e+02
5.823262136754925322e-01 5.084198363668141383e+02
5.875978997642956614e-01 4.985503924356266907e+02
5.929173094031748859e-01 4.888757455288333063e+02
5.982848746241582472e-01 4.793966931865013521e+02
6.037010313703755626e-01 4.701085341885219577e+02
6.091662195314651029e-01 4.610021492013966053e+02
6.146808829793009021e-01 4.520662119907476608e+02
6.202454696040431426e-01 4.432898233510823047e+02
6.258604313505138350e-01 4.346647879515059572e+02
6.315262242549037897e-01 4.261869063799508695e+02
6.372433084818114324e-01 4.178559799651542335e+02
6.430121483616157985e-01 4.096746244323208543e+02
6.488332124281882551e-01 4.016463399966743282e+02
6.547069734569459509e-01 3.937734859552612079e+02
6.606339085032510994e-01 3.860558006546333445e+02
6.666144989411550981e-01 3.784899010121040988e+02
6.726492305024945884e-01 3.710698594030084791e+02
6.787385933163421203e-01 3.637885994751044336e+02
6.848830819488141985e-01 3.566395919399201944e+02
6.910831954432385960e-01 3.496182515021966424e+02
6.973394373606841556e-01 3.427225625846219828e+02
7.036523158208606299e-01 3.359527503185843784e+02
7.100223435433875574e-01 3.293101627984898983e+02
7.164500378894352872e-01 3.227958151791615933e+02
7.229359209037438116e-01 3.164091607027211808e+02
7.294805193570227386e-01 3.101475534979200575e+02
7.360843647887351793e-01 3.040065885089300082e+02
7.427479935502681041e-01 2.979811513614789078e+02
7.494719468484921654e-01 2.920667247041470205e+02
7.562567707897189795e-01 2.862603963637375841e+02
7.631030164240552027e-01 2.805611463280818612e+02
7.700112397901571759e-01 2.749693051322335009e+02
7.769820019603900230e-01 2.694854435049152812e+02
7.840158690863985314e-01 2.641092092746668527e+02
7.911134124450888150e-01 2.588386511626956690e+02
7.982752084850257557e-01 2.536703402787851758e+02
8.055018388732506640e-01 2.486002179275810704e+02
8.127938905425231564e-01 2.436247423672640764e+02
8.201519557389922443e-01 2.387417555639990496e+02
8.275766320702960810e-01 2.339506300062072341e+02
8.350685225540980250e-01 2.292516266449824229e+02
8.426282356670630191e-01 2.246448125007734973e+02
8.502563853942780581e-01 2.201291273220241465e+02
8.579535912791176333e-01 2.157021122211413626e+02
8.657204784735614833e-01 2.113604473314111090e+02
8.735576777889684230e-01 2.071009851320424104e+02
8.814658257473112490e-01 2.029216741921230778e+02
8.894455646328721654e-01 1.988218258888479113e+02
8.974975425444075006e-01 1.948015665555695648e+02
9.056224134477857124e-01 1.908608160753956895e+02
9.138208372291021231e-01 1.869984342699314084e+02
9.220934797482726042e-01 1.832120775574823881e+02
9.304410128931126511e-01 1.794988550770061124e+02
9.388641146339076204e-01 1.758563475889117171e+02
9.473634690784771273e-01 1.722833034740521612e+02
9.559397665277358236e-01 1.687795377998104982e+02
9.645937035317577735e-01 1.653451079906369614e+02
9.733259829463493107e-01 1.619793517800637517e+02
9.821373139901349303e-01 1.586804793939110709e+02
9.910284123021574354e-01 1.554460152586698882e+02
1.000000000000000000e+00 1.522737564331636406e+02
