# r [Mpc/h]   xi(r)     xi_err(r)
1.221597207754165498e-01 1.983985993324954933e+01 8.507837191255482878e+00
1.822989193064245561e-01 1.572227417525028770e+01 4.180568543812571924e+00
2.720446295173432616e-01 2.164329712139908679e+01 2.668538157160521340e+00
4.059721293510726303e-01 1.906202843488275889e+01 1.377865769885065372e+00
6.058321022629741259e-01 1.910367679547616859e+01 7.566118571656380576e-01
9.040830874746479395e-01 1.882740870690215118e+01 4.121775007785226652e-01
1.349162954562115546e+00 1.756895796514933750e+01 2.188068805443436071e-01
2.013355523602601505e+00 1.525362573267925370e+01 1.122944368476100074e-01
3.004529920358466111e+00 1.225821943896418809e+01 5.563417102425950028e-02
4.483659212942389338e+00 7.944593135732946010e+00 2.506658788806255186e-02
6.690963468722815222e+00 4.212392651600119109e+00 1.049661802877443172e-02
9.984923031294282936e+00 2.462533953183843494e+00 4.692926559200734371e-03
1.490049802347847319e+01 1.686314698897314557e+00 2.267467587062936031e-03
2.223600929639876966e+01 1.291479494427362429e+00 1.148779129591803380e-03
3.318279084702076887e+01 1.108819341222213151e+00 6.045248295285328335e-04
4.951867008687810312e+01 1.033003640883511043e+00 3.255962837166791559e-04
7.389669839639884685e+01 1.005692481982789932e+00 1.774019708429174424e-04
1.102760236554770330e+02 1.001525804650603924e+00 9.721264722760314023e-05
1.645648812079533059e+02 9.993039711506797040e-01 5.329635315420793671e-05
2.455801291094406906e+02 9.996355063344428693e-01 2.923811732715326248e-05
