# r [Mpc/h]   xi(r)     xi_err(r)
1.221597207754165498e-01 9.780487804878049474e+00 2.106142573187421430e-01
1.822989193064245561e-01 9.787878787878787179e+00 1.176354072121152533e-01
2.720446295173432616e-01 9.936270653029110278e+00 6.562917566973613948e-02
4.059721293510726303e-01 9.689780829152363495e+00 3.563656260191131603e-02
6.058321022629741259e-01 9.454204216094648672e+00 1.930424040238208627e-02
9.040830874746479395e-01 8.995025208158276442e+00 1.036135063095679036e-02
1.349162954562115546e+00 8.325123304628593957e+00 5.485076271076996107e-03
2.013355523602601505e+00 7.251277349965120855e+00 2.828859149070234863e-03
3.004529920358466111e+00 5.641301968514147447e+00 1.392111757533634909e-03
4.483659212942389338e+00 3.497387264733538892e+00 6.284058370672423012e-04
6.690963468722815222e+00 1.603907254751130163e+00 2.622770251240534958e-04
9.984923031294282936e+00 7.307496962581626621e-01 1.172994346596766761e-04
1.490049802347847319e+01 3.426484108463198619e-01 5.667569146977222345e-05
2.223600929639876966e+01 1.465577060567720136e-01 2.872865915709002507e-05
3.318279084702076887e+01 5.439583500995014143e-02 1.511413591837979678e-05
4.951867008687810312e+01 1.586943938423562850e-02 8.138318531398071667e-06
7.389669839639884685e+01 3.206237226536175471e-03 4.435984997475979222e-06
1.102760236554770330e+02 6.086161795069337061e-04 2.430147458137702811e-06
1.645648812079533059e+02 -2.265535673453157985e-04 1.332502022081056901e-06
2.455801291094406906e+02 -2.553887565969065469e-04 7.309212644790124996e-07
